/content/TrainYourOwnYOLO/Data/Source_Images/Training_Images/vott-csv-export/invoice13.jpeg 76,270,247,305,0 72,295,334,319,0 74,314,326,336,0 77,331,198,354,0 77,346,207,371,0 72,361,188,388,0 51,384,317,398,0 56,400,315,421,0 59,415,316,440,0 49,437,297,452,0 64,450,309,475,0 60,470,217,494,0 61,489,213,519,0 735,271,836,292,1 737,290,840,311,1 732,305,836,325,1 736,323,837,345,1 742,341,838,364,1 748,360,840,381,1 754,374,845,398,1 759,393,838,418,1 761,412,838,433,1 763,427,840,456,1 748,465,843,483,1 745,484,840,507,1 731,446,844,462,1
/content/TrainYourOwnYOLO/Data/Source_Images/Training_Images/vott-csv-export/invoice11.jpeg 60,358,300,398,0 61,394,251,425,0 62,423,247,452,0 61,452,248,483,0 65,480,266,525,0 716,365,798,399,1 714,396,794,432,1 719,422,793,457,1 724,452,794,483,1 721,482,793,519,1
/content/TrainYourOwnYOLO/Data/Source_Images/Training_Images/vott-csv-export/invoice1.jpeg 85,497,321,537,0 78,536,276,567,0 73,562,271,601,0 81,600,307,638,0 78,635,307,669,0 74,666,299,703,0 879,497,971,535,1 881,532,972,571,1 894,565,979,596,1 880,596,979,635,1 899,632,991,664,1 898,665,983,704,1
/content/TrainYourOwnYOLO/Data/Source_Images/Training_Images/vott-csv-export/invoice10.jpeg 97,371,309,405,0 91,397,321,436,0 82,432,308,469,0 88,464,273,508,0 87,500,376,546,0 85,540,309,577,0 89,572,294,614,0 75,611,287,652,0 80,645,289,691,0 84,684,279,732,0 82,721,287,770,0 84,767,265,810,0 81,806,288,849,0 887,375,989,415,1 906,406,996,448,1 913,445,998,477,1 911,479,1003,519,1 902,517,1004,553,1 900,552,1007,586,1 898,591,1004,625,1 913,623,1007,667,1 908,662,1016,701,1 906,703,1019,743,1 909,735,1012,779,1 900,781,1007,818,1 900,815,1011,857,1
/content/TrainYourOwnYOLO/Data/Source_Images/Training_Images/vott-csv-export/invoice12.jpeg 144,197,389,230,0 142,222,432,257,0 138,250,429,283,0 137,276,349,307,0 135,301,391,336,0 134,336,355,365,0 128,366,398,394,0 133,397,348,430,0 131,428,414,463,0 135,461,223,496,0 824,193,901,219,1 819,216,903,246,1 832,245,898,274,1 827,269,906,302,1 825,302,905,333,1 831,330,911,358,1 829,363,905,400,1 840,394,911,429,1 829,431,905,463,1 831,466,902,501,1
/content/TrainYourOwnYOLO/Data/Source_Images/Training_Images/vott-csv-export/invoice2.jpeg 57,391,262,424,0 56,421,291,454,0 51,453,248,487,0 740,379,832,416,1 747,413,838,440,1 744,443,836,487,1
/content/TrainYourOwnYOLO/Data/Source_Images/Training_Images/vott-csv-export/invoice3.jpeg 29,272,400,336,0 35,335,308,391,0 1080,280,1173,317,1 1078,324,1181,372,1
/content/TrainYourOwnYOLO/Data/Source_Images/Training_Images/vott-csv-export/invoice4.jpeg 54,405,238,441,0 56,438,197,467,0 53,464,230,499,0 49,493,227,528,0 58,521,221,558,0 50,555,163,588,0 48,580,161,615,0 47,608,219,646,0 40,643,201,675,0 43,672,195,718,0 677,399,748,437,1 681,430,749,466,1 683,458,751,492,1 687,486,757,518,1 682,518,758,548,1 682,547,759,581,1 688,575,764,607,1 693,605,765,639,1 697,635,772,670,1 689,671,773,702,1
/content/TrainYourOwnYOLO/Data/Source_Images/Training_Images/vott-csv-export/invoice5.jpeg 46,263,254,295,0 44,295,246,315,0 40,318,182,344,0 37,345,216,370,0 38,374,230,399,0 37,398,242,427,0 38,425,154,455,0 39,453,172,483,0 39,484,211,507,0 41,511,252,539,0 862,307,926,331,1 869,334,929,357,1 878,358,932,387,1 881,379,933,405,1 882,401,935,429,1 886,426,936,458,1 893,452,936,477,1 888,477,937,500,1 891,504,938,530,1 888,526,941,555,1
/content/TrainYourOwnYOLO/Data/Source_Images/Training_Images/vott-csv-export/invoice6.jpeg 64,506,427,537,0 57,538,328,571,0 59,568,269,605,0 57,607,237,642,0 57,644,434,676,0 57,678,436,707,0 51,714,233,742,0 52,749,87,784,0 766,508,842,540,1 768,543,841,569,1 779,572,838,605,1 781,609,842,644,1 772,639,840,676,1 784,672,844,713,1 783,714,842,747,1 778,744,844,783,1
/content/TrainYourOwnYOLO/Data/Source_Images/Training_Images/vott-csv-export/invoice7.jpeg 54,254,399,313,0 61,309,407,370,0 59,369,287,407,0 64,407,385,453,0 944,271,1019,304,1 945,315,1033,357,1 954,372,1029,400,1 947,409,1029,444,1